10101101101001011011101001010100 
10101101101001011011101001010100 
00000000101000100100100000000001 
00000000101000100100100000000001 
00000000101000100100100000000001 
10101101101001011011101001010100 
10101101101001011011101001010100 
00000000101000100100100000000001 
00000000101000100100100000000001 
00000000101000100100100000000001 
10101101101001011011101001010100 
10101101101001011011101001010100 
00000000101000100100100000000001 
00000000101000100100100000000001 
00000000101000100100100000000001 
10101101101001011011101001010100 
10101101101001011011101001010100 
10101101101001011011101001010100 
10101101101001011011101001010100 
10101101101001011011101001010100 
10101101101001011011101001010100 
10101101101001011011101001010100 
10101101101001011011101001010100 
10101101101001011011101001010100 
10101101101001011011101001010100 
00000000000000000000000000000000 
00000000000000000000000000000000 
00000000000000000000000000000000 
00000000000000000000000000000000 
00000000000000000000000000000000 
00000000000000000000000000000000 
00000000000000000000000000000000 
00000000000000000000000000000000 
00000000000000000000000000000000 
